var table = document.getElementById('select_me');
var rows = table.getElementsByTagName('tr');

for (var i=1; i <= 151; i++) {
  var xpCell = rows[i].getElementsByTagName('td')[3];
  
  var string = i + '\t';
  
  string += eval(xpCell.getElementsByTagName('span')[0].innerHTML) -1;

  console.log(string);
}

1 1
2 1
3 1
4 1
5 1
6 1
7 1
8 1
9 1
10  2
11  2
12  2
13  2
14  2
15  2
16  1
17  1
18  1
19  2
20  2
21  2
22  2
23  2
24  2
25  2
26  2
27  2
28  2
29  1
30  1
31  1
32  1
33  1
34  1
35  3
36  3
37  2
38  2
39  3
40  3
41  2
42  2
43  1
44  1
45  1
46  2
47  2
48  2
49  2
50  2
51  2
52  2
53  2
54  2
55  2
56  2
57  2
58  0
59  0
60  1
61  1
62  1
63  1
64  1
65  1
66  1
67  1
68  1
69  1
70  1
71  1
72  0
73  0
74  1
75  1
76  1
77  2
78  2
79  2
80  2
81  2
82  2
83  2
84  2
85  2
86  2
87  2
88  2
89  2
90  0
91  0
92  1
93  1
94  1
95  2
96  2
97  2
98  2
99  2
100 2
101 2
102 0
103 0
104 2
105 2
106 2
107 2
108 2
109 2
110 2
111 0
112 0
113 3
114 2
115 2
116 2
117 2
118 2
119 2
120 0
121 0
122 2
123 2
124 2
125 2
126 2
127 0
128 0
129 0
130 0
131 0
132 2
133 2
134 2
135 2
136 2
137 2
138 2
139 2
140 2
141 2
142 0
143 0
144 0
145 0
146 0
147 0
148 0
149 0
150 1
151 0