001 2 1
002 2 1
002 4 1
003 2 2
003 4 1
004 5 1
005 2 1
005 5 1
006 2 3
007 3 1
008 3 1
008 4 1
009 4 3
010 0 1
011 3 2
012 2 2
012 4 1
013 5 1
014 3 2
015 1 2
015 4 1
016 5 1
017 5 2
018 5 3
019 5 1
020 5 2
021 5 1
022 5 2
023 1 1
024 1 2
025 5 2
026 5 3
027 3 1
028 3 2
029 0 1
030 0 2
031 0 3
032 1 1
033 1 2
034 1 3
035 0 2
036 0 3
037 5 1
038 4 1
038 5 1
039 0 2
040 0 3
041 5 1
042 5 2
043 2 1
044 2 2
045 2 3
046 1 1
047 1 2
047 3 1
048 4 1
049 2 1
049 5 1
050 5 1
051 5 2
052 5 1
053 5 2
054 2 1
055 2 2
056 1 1
057 1 2
058 1 1
059 1 2
060 5 1
061 5 2
062 3 3
063 2 1
064 2 2
065 2 3
066 1 1
067 1 2
068 1 3
069 1 1
070 1 2
071 1 3
072 4 1
073 4 2
074 3 1
075 3 2
076 3 3
077 5 1
078 5 2
079 0 1
080 3 2
081 2 1
082 2 2
083 1 1
084 1 1
085 1 2
086 4 1
087 4 2
088 0 1
089 0 1
089 1 1
090 3 1
091 3 2
092 2 1
093 2 2
094 2 3
095 3 1
096 4 1
097 4 2
098 1 1
099 1 2
100 5 1
101 5 2
102 3 1
103 2 2
104 3 1
105 3 2
106 1 2
107 4 2
108 0 2
109 3 1
110 3 2
111 3 1
112 1 2
113 0 2
114 3 1
115 0 2
116 2 1
117 3 1
117 2 1
118 1 1
119 1 2
120 5 1
121 5 2
122 4 2
123 1 1
124 2 2
125 5 2
126 2 2
127 1 2
128 1 1
128 5 1
129 5 1
130 1 2
131 0 2
132 0 1
133 4 1
134 0 2
135 5 2
136 1 2
137 2 1
138 3 1
139 3 2
140 3 1
141 1 2
142 5 2
143 0 2
144 4 3
145 2 3
146 2 3
147 1 1
148 1 2
149 1 3
150 2 3
151 0 3